one,productOne
two,ProductTwo